 
 5589     1    58     1     0    71    64    12     0     0     0     0     
 1129   198     1     1     0     9    41     1     0     0     0     0
   65     0   126     0     0     0     0     1     0     0     0     0
   59     0     0   198     0     3     0     0     0     0     0     0
 1124     0    12     0   200    29     4    12     0     0     0     0
 1149     0     1     0     0    74     2     0     0     0     0     0
  114     0     0     0     0     1    85     0     0     0     0     0
  157     0     0     0     0     7     2   174     0     0     0     0
   36     1     1     0     0     4     2     0    20     0     0     0
  425     0     0     0     0     1     0     0     0    20     0     0
   10     0     1     0     0     0     0     0     0     0    20     0
  143     0     0     0     0     1     0     0     0     0     0    20
10000   200   200   200   200   200   200   200    20    20    20    20


	  	  1    32 	  0     0    38    33    8
	  	199     9 	  1     0    13    49    1
	  	  0   139 	  0     0     0     0    1
	  	  0     0 	198     0     8     0    0
	  	  0    18 	  0   200    37     6   14
	  	  0     1 	  1     0    96     3    2
	  	  0     0 	  0     0     1   109    0
	  	  0     1 	  0     0     7     0  174
	  	200   200 	200   200   200   200  200

     
   +      +     -     +     |     -     -     +     |      +    |     |          


 4190     3    24    37     0    38    41    20     0     1     0     0
 1181   197     2     0     0     9    35     1     0     0     0     0
  221     0   170     0     0     1     0     2     0     0     0     0
    1     0     0   126     0     0     0     0     0     0     0     0
   87     0     0     0   200     8     0     1     0     0     0     0
 4021     0     4    37     0   142    11     6     0     0     0     0
  189     0     0     0     0     1   113     0     0     0     0     0
   77     0     0     0     0     1     0   170     0     0     0     0
    0     0     0     0     0     0     0     0    20     0     0     0
   28     0     0     0     0     0     0     0     0    19     0     0
    0     0     0     0     0     0     0     0     0     0    20     0
    5     0     0     0     0     0     0     0     0     0     0    20
10000   200   200   200   200   200   200   200    20    20    20    20


		  4    17    22     0    31    26   13
		196     4     1     0     8    41    1
		  0   173     0     0     2     0    2
		  0     0   135     0     1     0    0
		  0     0     0   200     7     0    1
		  0     6    42     0   147    16    7
		  0     0     0     0     2   117    0
		  0     0     0     0     2     0  176
        200   200   200   200   200   200  200

          +     -     +     |     -     -    -

P
MM| 0.964 0.143 0.656 0.762 0.145 0.06  0.425 0.512 0.312 0.045 0.645 0.122 
CS| 0.962 0.138 0.431 0.992 0.676 0.034 0.373 0.685 1.    0.404 1.    0.8   
M2| 	  0.732 0.993 0.961 0.727 0.932 0.991 0.956 
C2|		  0.781 0.977 0.993 0.962 0.674 0.983 0.989 

R
MM| 0.559 0.99  0.63  0.99  1.    0.37  0.425 0.87  1.    1.    1.    1.    
CS| 0.419 0.985 0.85  0.63  1.    0.71  0.565 0.85  1.    0.95  1.    1.    
M2|       0.995 0.695 0.99  1.    0.48  0.545 0.87 
C2|		  0.98  0.865 0.675 1.    0.735 0.585 0.88 